100 10000
69 15
30 50
17 85
1 22
3 46
98 72
45 94
13 97
81 94
100 14
35 60
61 52
37 52
79 13
25 86
95 43
82 83
57 75
96 3
73 26
75 21
74 85
38 58
73 69
61 78
52 69
35 5
72 27
25 90
60 22
22 21
56 86
33 23
36 65
98 94
67 14
67 16
72 100
92 78
96 91
29 3
88 65
2 54
49 93
25 28
29 39
100 63
87 79
79 44
81 8
66 89
65 76
23 32
92 53
10 55
45 70
8 47
3 23
11 22
51 66
32 97
67 93
91 55
46 5
4 28
90 31
20 78
29 90
97 15
54 23
11 31
76 18
34 55
89 99
34 54
62 15
53 39
94 52
82 93
52 8
91 61
51 96
22 26
29 36
4 100
98 68
64 94
59 66
20 15
91 44
98 33
68 71
49 10
58 16
26 9
81 70
48 100
52 9
82 69
57 47
77 20
19 47
25 12
19 18
28 66
47 15
71 80
35 93
67 8
14 78
3 92
4 47
53 37
20 66
5 97
84 77
3 5
43 88
19 62
93 21
27 12
61 98
29 8
53 37
17 33
60 12
61 46
22 71
1 23
90 47
4 12
87 33
45 29
19 96
11 41
53 37
40 83
61 37
14 88
74 43
34 7
90 6
45 88
63 50
11 38
100 22
100 16
20 49
74 96
56 36
23 96
72 30
95 27
36 88
75 98
48 53
98 40
41 18
81 68
98 71
86 9
91 34
98 71
34 39
97 71
98 67
1 49
47 18
48 44
73 78
82 44
69 90
82 14
82 44
2 71
86 30
7 10
85 15
35 87
50 68
28 41
29 81
13 100
27 7
14 94
36 17
91 6
75 3
82 49
49 23
74 28
41 8
52 78
56 15
54 16
11 26
78 18
73 76
42 97
36 41
25 83
95 58
72 69
80 12
50 24
10 15
64 71
38 49
100 20
90 44
73 81
29 49
36 41
31 47
90 49
96 7
74 39
63 95
50 78
98 56
40 7
38 26
74 88
24 83
100 71
61 5
23 21
42 5
41 77
34 2
9 73
20 65
91 69
74 18
74 62
51 5
24 14
96 35
38 56
87 66
61 78
90 87
27 86
22 46
90 12
91 58
27 37
36 95
67 12
74 65
68 78
61 15
66 88
67 63
30 72
72 52
3 18
43 75
98 36
71 15
100 53
45 85
38 52
77 47
4 33
20 88
20 68
33 91
3 99
24 51
84 63
12 41
72 78
11 59
4 23
73 21
13 39
95 8
59 41
48 97
39 9
10 69
89 81
19 7
37 31
52 44
83 82
67 88
3 65
79 19
29 79
1 58
40 36
59 3
16 79
41 71
29 71
96 50
67 78
41 21
75 95
11 64
31 33
20 83
20 75
11 53
97 6
43 12
92 44
87 70
14 93
55 80
2 58
84 56
69 68
38 25
5 76
2 56
98 57
2 40
67 50
29 59
52 44
13 35
91 12
58 77
29 4
17 76
29 7
63 44
51 16
31 49
18 16
29 89
40 46
67 82
72 81
81 9
17 87
38 95
71 15
74 32
27 65
26 15
37 7
20 29
56 65
51 66
75 8
49 33
68 60
85 50
51 91
75 69
97 5
57 48
96 14
53 87
30 51
20 28
70 12
7 46
4 73
43 3
89 83
16 23
5 69
8 55
74 86
87 48
2 50
37 92
67 82
54 37
19 53
91 11
61 40
19 4
87 62
38 5
84 100
74 70
45 51
72 42
89 9
88 31
36 83
31 16
16 59
34 13
32 51
77 76
10 68
81 87
20 68
10 55
53 6
21 81
22 78
11 9
34 44
58 18
70 62
90 20
4 83
92 77
72 28
95 74
72 50
96 8
53 94
52 69
74 7
90 100
2 53
61 94
67 35
91 1
24 67
50 92
57 31
29 25
71 39
88 77
4 9
33 84
46 23
63 88
44 73
3 8
99 12
73 85
46 15
96 17
69 10
31 49
63 33
38 71
17 66
56 21
18 21
40 65
92 16
92 18
16 8
84 34
29 60
28 81
57 17
91 3
83 62
28 19
5 22
58 69
25 57
79 91
20 60
98 93
87 65
4 28
35 69
67 34
57 81
96 12
34 46
46 16
84 70
100 16
100 6
87 95
4 26
77 69
94 55
88 87
93 96
24 23
74 57
13 50
27 37
36 15
41 66
85 83
13 58
41 1
5 79
90 60
38 7
90 17
32 79
9 21
32 96
56 53
42 76
97 21
60 12
73 40
36 70
65 85
43 32
66 79
89 2
1 87
75 77
73 33
30 50
63 18
59 50
31 16
61 76
87 71
83 68
14 78
34 8
98 18
73 54
97 68
2 53
38 86
82 20
53 65
98 53
42 52
27 17
92 50
73 71
13 72
70 55
45 48
16 17
67 72
38 37
85 7
28 60
86 93
14 64
41 31
42 46
38 5
29 93
29 5
43 79
73 70
16 85
20 7
52 10
83 97
19 5
57 3
26 8
82 22
43 7
67 2
98 35
24 44
89 30
88 83
68 21
2 79
74 79
91 18
50 18
1 69
91 78
82 34
62 9
98 81
20 95
48 63
41 42
56 95
98 17
53 44
30 10
63 46
13 48
100 8
85 79
13 37
38 56
11 70
22 26
34 8
67 59
59 31
90 52
59 94
16 72
19 43
77 44
10 64
61 81
71 46
28 52
13 83
96 22
76 14
23 94
98 79
82 83
48 95
42 78
1 61
65 30
58 94
73 33
99 79
97 6
61 16
83 16
35 22
32 79
41 60
98 45
29 20
65 44
56 68
38 100
38 86
19 17
59 87
75 66
60 14
30 47
20 16
36 14
51 65
25 75
96 58
73 15
85 26
89 77
63 9
67 8
35 61
75 93
97 10
18 1
65 18
86 93
91 87
96 59
7 37
7 31
17 12
16 27
41 3
45 46
97 8
51 14
80 21
35 79
35 7
5 77
19 68
13 67
14 31
94 79
96 70
17 16
43 86
91 48
66 87
66 37
29 75
20 5
7 87
56 62
36 87
53 39
13 97
32 4
19 42
17 55
90 11
63 41
3 58
43 31
61 1
81 58
37 72
57 12
75 54
82 79
73 3
42 5
24 60
35 94
59 33
28 9
71 16
35 14
5 60
82 25
43 59
33 79
4 79
29 86
29 79
65 92
26 61
37 46
64 1
45 59
74 83
73 20
90 67
41 22
89 79
61 77
82 46
45 3
20 39
61 65
51 56
75 95
45 53
85 97
22 99
87 77
63 5
29 56
67 52
2 69
13 60
13 37
28 36
21 41
67 8
78 79
90 26
67 22
14 79
19 95
13 56
40 88
42 68
36 33
52 5
29 86
56 29
53 6
54 94
1 23
75 89
13 28
34 31
29 88
30 8
39 47
100 68
26 50
2 60
27 78
33 79
2 8
97 18
45 2
51 33
57 42
89 45
31 92
26 39
32 99
38 73
82 8
25 69
39 11
51 76
45 27
27 7
74 9
97 37
53 1
98 4
56 49
71 18
30 77
26 55
14 95
47 9
82 75
32 17
5 6
46 65
56 53
58 35
67 40
91 58
97 23
45 69
46 71
58 22
45 10
100 3
95 8
18 21
9 44
51 9
35 80
19 37
34 75
84 37
71 77
43 89
48 88
40 99
67 51
7 55
82 48
57 2
22 21
81 51
25 57
11 12
40 28
73 86
41 54
84 50
67 89
39 47
89 44
72 1
45 71
100 36
92 67
49 53
51 81
28 15
24 22
100 87
34 69
86 7
92 66
38 62
13 79
90 8
25 48
19 98
15 70
20 72
86 44
66 15
35 79
54 86
35 87
1 88
55 91
10 15
1 30
90 52
4 80
22 72
75 25
24 64
16 80
34 3
10 77
82 21
74 25
18 80
32 51
83 67
67 37
77 9
89 31
99 69
19 14
98 97
24 88
31 70
58 95
27 8
70 23
22 33
40 17
4 63
96 59
83 30
43 34
15 100
12 18
19 62
37 45
10 54
86 1
42 15
90 7
48 12
99 6
39 64
1 12
70 30
25 10
90 12
43 12
72 49
7 64
27 68
75 6
83 6
63 99
74 69
38 60
92 77
65 30
45 91
9 4
2 62
47 6
38 9
86 88
37 3
40 50
98 13
34 7
92 24
87 93
45 69
35 69
30 79
20 31
52 95
71 55
59 31
90 72
72 23
46 33
30 15
5 78
53 87
53 39
32 69
46 50
57 4
66 68
78 55
14 35
86 78
61 10
28 62
96 65
17 16
3 100
36 22
60 23
4 79
88 54
2 100
36 3
46 15
73 49
40 18
56 83
28 69
25 93
1 5
52 76
40 59
77 50
98 6
90 75
11 47
25 10
21 79
82 11
36 78
72 17
36 65
10 47
93 8
3 87
87 52
31 50
79 67
47 40
90 68
85 16
85 10
72 47
66 3
29 53
72 53
73 40
48 16
85 62
48 6
40 71
25 34
37 16
98 62
28 86
65 16
70 83
43 70
56 16
66 92
19 84
82 63
45 9
29 13
46 15
83 62
51 52
60 99
24 29
75 12
67 30
83 71
14 94
91 15
43 39
82 15
95 54
63 78
92 82
31 79
52 47
33 18
19 46
34 77
61 9
38 32
35 41
39 55
16 47
40 92
84 86
60 99
90 21
98 75
66 87
45 76
86 89
61 28
75 31
44 74
14 92
45 89
45 75
92 76
3 8
47 79
96 5
86 33
25 1
4 46
98 49
14 51
17 65
5 33
28 22
87 70
91 64
31 39
48 49
91 30
88 10
53 94
89 55
41 10
60 93
74 96
84 44
91 68
87 70
52 39
2 33
91 50
29 11
33 8
99 92
90 63
36 21
59 71
59 66
92 90
32 15
90 77
91 28
100 88
53 30
1 8
4 7
91 23
86 70
98 6
36 79
5 44
58 5
25 44
31 66
46 44
2 18
52 50
96 80
29 83
46 15
62 8
61 26
89 44
12 14
100 20
61 14
11 16
81 3
91 76
13 61
51 27
81 34
87 9
17 23
99 18
43 79
58 76
57 26
100 94
19 64
83 54
11 27
72 7
70 65
32 3
35 92
22 5
44 98
58 64
16 18
82 7
46 9
87 49
75 83
28 50
72 21
29 46
84 8
43 96
84 82
32 41
8 44
91 56
2 74
70 33
19 76
88 31
37 71
43 3
32 98
38 56
9 23
98 26
10 39
4 78
11 76
99 54
98 7
61 40
64 38
48 55
88 26
73 100
28 15
57 52
28 38
38 66
32 17
24 70
10 8
4 93
59 14
88 22
85 47
57 17
28 37
57 10
31 39
82 18
29 56
56 19
51 79
56 8
13 38
51 40
81 15
100 60
17 58
72 85
46 94
85 76
20 47
77 29
26 9
50 15
75 76
29 18
90 38
79 88
36 10
88 54
35 42
1 76
58 77
89 15
57 78
43 94
97 70
100 76
17 53
20 5
100 66
85 21
45 90
26 55
87 55
13 87
93 20
36 55
86 37
46 65
84 31
15 44
96 90
20 8
92 21
25 31
98 97
58 69
85 15
41 31
17 55
59 7
64 8
81 9
1 62
29 10
40 30
20 37
71 92
20 36
95 68
38 65
84 3
63 87
1 89
4 28
91 8
59 66
84 18
32 80
50 44
61 7
96 77
58 64
53 62
34 9
1 3
43 4
10 56
27 33
74 91
87 9
37 65
52 8
22 83
96 95
4 55
56 86
83 99
100 95
100 66
52 21
31 49
30 21
92 55
48 61
84 20
65 78
60 76
83 69
24 93
59 54
34 7
46 34
77 94
49 9
73 10
37 76
67 41
27 21
61 100
13 6
59 73
26 39
25 20
36 6
7 47
89 18
4 18
2 35
28 87
68 98
80 69
6 10
42 99
40 7
82 71
22 74
77 18
25 56
66 71
71 18
1 39
28 71
67 9
38 91
82 34
84 55
65 80
57 27
100 58
74 89
2 17
66 9
36 6
2 80
91 92
20 91
66 21
28 15
98 72
95 98
98 38
94 69
66 18
51 31
38 54
96 13
32 36
2 22
28 79
77 80
27 63
66 95
81 62
62 64
36 93
11 17
65 47
85 22
17 47
56 37
26 3
11 81
100 64
92 85
32 9
83 10
82 48
51 40
7 54
30 4
25 42
30 82
85 95
27 56
68 94
4 20
100 60
56 97
51 16
51 34
84 62
70 81
87 69
4 92
25 38
75 89
72 54
51 77
99 8
25 7
29 20
45 1
67 91
9 23
48 54
43 56
7 26
99 16
20 36
73 81
11 50
17 30
52 22
54 15
83 21
100 59
67 77
96 38
28 74
51 71
20 65
56 10
17 6
73 20
32 13
86 77
21 55
27 23
82 78
77 55
45 64
1 100
98 87
13 30
1 69
29 2
56 58
11 9
59 30
28 54
41 81
45 63
15 6
72 1
4 21
43 17
4 71
35 88
81 8
24 89
51 30
82 100
77 8
1 30
15 78
46 94
47 72
29 27
50 68
74 83
32 27
81 46
57 90
34 60
36 58
57 81
59 16
52 65
43 48
3 49
83 62
71 23
43 4
22 23
16 50
74 2
48 41
43 18
4 72
84 10
74 50
30 46
72 76
25 42
1 5
24 27
74 63
11 61
43 88
74 64
82 88
59 33
48 83
53 22
57 15
35 68
90 34
14 88
45 32
25 12
74 40
98 31
8 11
40 93
28 66
67 51
4 9
14 26
3 6
22 71
34 64
90 46
51 70
100 49
4 70
89 92
24 9
98 10
46 21
59 37
35 5
52 20
42 66
27 69
42 65
4 11
51 85
98 30
87 39
20 79
69 15
85 76
85 69
76 87
84 60
98 40
54 62
48 19
75 54
24 48
48 52
80 45
13 75
62 32
85 6
86 20
56 63
96 61
45 65
65 55
63 93
53 65
96 64
34 93
38 52
4 52
45 85
11 35
57 90
45 88
90 87
3 23
45 79
14 64
41 42
73 7
41 22
14 52
48 44
88 39
3 10
74 47
52 82
56 83
53 71
98 94
83 55
59 9
65 8
63 16
30 5
31 16
29 55
77 8
63 53
90 38
34 73
59 89
82 3
66 76
100 36
90 37
43 9
88 8
22 68
92 47
40 12
65 5
53 62
63 55
36 92
11 78
97 9
61 39
32 80
85 6
6 97
38 26
20 17
84 83
83 6
82 42
97 22
85 53
11 39
52 49
41 31
80 15
17 41
96 48
57 40
59 2
25 93
89 3
27 60
43 63
2 94
14 66
34 70
45 82
89 33
43 62
11 50
25 60
77 15
38 18
27 33
7 52
57 12
98 56
36 42
52 48
96 80
41 7
34 35
32 56
98 85
3 10
30 62
35 16
19 49
88 9
22 6
49 71
77 44
72 40
14 46
53 77
38 65
85 47
80 78
57 42
96 42
97 44
25 28
17 5
38 50
3 54
35 64
86 50
98 50
59 70
60 92
42 15
59 100
82 89
14 99
27 23
75 89
64 15
32 55
91 53
53 42
47 12
41 97
35 71
96 59
27 39
39 33
98 57
30 97
95 54
40 55
56 69
40 88
25 94
22 47
14 8
32 13
59 85
68 23
75 6
34 90
32 95
32 38
2 52
81 22
48 65
77 21
74 70
51 10
49 21
53 46
19 37
86 12
54 94
19 41
32 33
31 35
86 7
38 68
31 79
39 12
14 70
37 16
100 52
55 20
91 28
36 80
31 10
57 77
7 66
16 50
1 5
29 73
22 66
30 33
74 45
7 88
11 18
98 12
70 47
14 84
29 63
25 53
14 52
1 69
41 23
24 15
71 33
68 83
82 86
27 49
4 96
31 69
86 9
45 15
2 95
25 58
91 69
20 16
73 40
72 22
96 44
52 15
59 14
34 88
60 55
32 61
26 47
84 6
88 6
61 30
96 77
96 73
6 71
35 44
13 56
72 37
85 42
61 53
15 55
95 58
74 53
73 78
32 62
45 97
24 59
75 15
88 6
28 23
61 46
60 31
73 55
20 70
83 16
84 81
35 39
17 66
90 62
61 88
53 46
38 96
14 54
20 47
50 13
29 39
57 31
5 68
82 93
11 72
87 58
48 56
70 77
32 67
88 30
70 81
88 36
57 3
56 3
85 97
1 83
39 97
49 47
75 90
20 44
43 47
66 47
27 41
19 83
75 21
50 98
67 44
34 77
91 50
57 93
11 6
36 58
34 75
88 70
99 93
57 51
84 31
71 19
60 77
43 76
96 72
8 12
42 49
19 83
34 18
35 22
41 66
5 80
73 40
41 65
34 10
7 15
20 10
20 41
100 64
84 69
71 8
43 100
82 34
38 17
89 96
27 26
50 55
84 92
57 10
65 10
84 14
71 21
17 6
95 30
34 28
10 32
27 70
96 46
4 37
70 47
14 26
62 23
81 78
51 17
64 76
36 71
53 33
25 37
43 78
98 26
11 68
41 52
7 26
14 23
72 20
26 21
65 92
70 22
58 62
7 33
30 99
90 30
93 33
36 22
98 40
66 49
78 79
14 65
19 34
57 59
82 66
70 94
38 69
30 78
15 55
11 78
41 95
91 77
46 23
84 12
89 93
14 37
97 76
51 33
45 79
72 49
17 31
72 63
53 57
82 38
67 49
89 54
82 58
43 68
14 21
12 14
60 30
42 9
13 4
81 70
96 6
32 66
56 88
96 53
61 56
29 72
99 8
5 20
30 22
8 16
19 70
20 75
51 43
45 38
37 22
59 11
24 7
84 8
37 16
52 83
70 55
11 15
87 54
61 70
89 21
75 68
63 26
24 64
49 39
3 49
22 58
64 18
45 3
85 3
53 19
82 22
20 83
37 50
53 49
98 88
98 30
39 15
91 75
39 42
35 85
61 31
78 36
61 44
5 40
51 1
44 29
45 91
42 94
35 95
43 44
34 52
34 52
35 42
36 54
96 11
14 6
91 17
19 89
56 54
100 34
82 54
32 65
51 27
4 82
70 71
38 42
46 87
79 23
56 41
89 60
27 30
13 48
82 60
29 45
55 41
19 92
91 45
40 33
48 61
98 23
83 6
73 22
92 59
31 80
45 81
58 62
45 15
72 59
95 12
37 6
11 2
32 99
24 71
32 73
71 18
57 8
42 79
95 29
100 70
27 56
59 87
70 21
40 85
82 62
31 87
43 75
31 3
51 52
20 30
11 52
57 63
82 88
64 6
5 6
14 84
20 87
51 16
67 97
7 10
67 64
99 55
84 40
97 99
26 80
4 40
89 30
91 26
57 91
45 39
67 17
82 68
13 93
42 44
19 11
68 97
13 21
43 23
51 86
2 87
90 26
67 46
90 15
96 47
96 16
19 26
37 93
83 25
80 57
25 35
73 72
13 99
40 14
59 49
35 39
19 25
67 47
70 69
80 50
29 16
56 39
43 63
61 8
23 6
47 59
56 89
40 3
55 89
100 15
24 38
45 7
27 26
94 95
75 97
90 7
57 69
98 82
57 43
45 52
88 33
51 60
46 21
19 100
81 21
46 47
11 23
46 8
61 20
51 30
49 15
24 40
91 23
100 3
97 33
45 75
4 66
87 65
34 99
96 20
73 90
29 39
74 76
57 5
72 62
29 83
43 4
40 44
30 71
73 92
41 22
20 68
91 92
45 40
36 22
45 95
45 77
11 48
88 54
40 28
38 65
100 69
90 68
41 71
78 63
71 93
67 53
86 87
67 73
79 60
100 8
64 21
84 78
97 6
29 91
10 94
85 30
83 15
59 68
87 9
77 15
86 80
32 71
41 50
7 30
42 23
30 69
93 62
4 87
34 66
89 39
88 18
25 33
52 71
96 36
49 33
50 8
99 92
2 72
81 80
8 83
75 39
46 65
1 77
43 50
45 11
43 27
26 21
91 26
100 88
96 89
36 3
35 22
65 18
87 39
9 50
31 78
43 34
90 20
29 74
17 67
5 15
75 46
9 5
32 100
51 27
66 92
13 5
5 54
38 75
71 60
77 76
7 6
100 7
72 80
63 35
12 78
53 12
28 85
23 43
92 2
19 5
49 78
77 8
20 85
69 76
51 65
45 70
88 45
57 31
97 47
30 79
57 90
93 80
1 88
90 78
43 2
13 12
49 71
62 17
84 66
20 50
100 99
60 15
57 64
98 39
88 5
73 33
37 65
52 8
26 12
100 20
74 55
38 5
28 69
32 97
30 8
81 50
19 88
11 65
29 68
43 6
100 95
34 17
1 39
1 46
49 44
19 40
25 76
77 15
90 18
27 39
19 26
27 28
100 31
67 72
22 7
13 78
61 40
67 33
86 78
13 77
24 84
56 85
88 12
31 21
86 88
14 2
65 94
34 98
40 42
13 77
56 88
25 61
30 93
61 7
19 40
38 15
17 41
37 89
87 47
38 73
51 34
2 75
8 69
36 10
66 37
98 44
31 54
76 6
70 16
29 52
24 82
2 52
67 34
45 41
74 59
31 88
68 76
73 22
64 43
38 34
35 8
10 16
19 48
93 14
54 12
76 42
4 95
32 58
88 1
80 40
39 92
61 40
49 76
24 20
65 8
82 56
67 7
36 85
34 46
54 68
96 45
58 5
81 78
51 58
30 10
1 58
3 9
98 87
25 39
22 18
92 72
13 17
59 53
82 16
43 53
66 90
72 93
67 40
11 9
48 88
59 68
73 60
44 71
53 81
20 18
19 71
100 66
45 71
40 88
3 80
29 43
84 89
51 95
100 97
72 15
20 54
42 58
7 59
56 66
2 10
96 33
73 31
75 68
75 99
77 79
17 87
14 49
27 92
81 64
90 41
70 94
8 18
45 75
57 89
46 65
75 10
77 8
49 88
45 70
97 31
51 43
7 83
35 15
83 33
40 89
76 64
1 47
38 47
37 69
40 7
58 44
86 33
45 23
90 44
52 68
63 55
42 70
11 9
58 16
10 98
74 32
66 8
84 38
37 44
89 92
29 73
17 52
49 27
70 50
88 92
53 83
9 12
19 27
19 33
37 39
51 10
51 18
20 69
40 92
64 59
51 42
17 70
45 95
32 13
36 26
52 50
36 30
20 10
10 23
58 69
32 95
57 11
65 60
86 84
84 42
75 92
70 18
19 30
72 31
56 85
43 92
97 49
4 57
7 54
91 83
49 12
29 64
36 55
36 23
59 12
33 55
67 10
58 16
13 43
91 72
13 80
92 62
88 83
2 32
36 31
28 3
70 93
2 86
100 93
30 50
38 69
42 18
17 42
5 23
13 59
27 93
11 23
63 46
90 87
88 18
36 35
92 16
9 56
51 99
45 48
93 23
46 50
19 11
39 69
87 98
24 47
86 32
67 26
83 65
2 3
15 6
61 22
25 53
27 86
48 23
75 21
29 64
52 31
71 31
93 72
38 22
22 62
57 7
23 55
43 79
70 49
93 40
1 36
57 86
98 13
26 49
56 42
89 47
1 92
32 28
22 16
91 80
42 47
43 33
91 39
72 17
61 5
84 86
64 66
13 4
74 65
65 12
54 64
47 44
51 90
77 76
87 55
57 22
90 8
35 60
59 13
43 88
7 9
73 53
37 16
25 20
62 28
35 50
24 81
88 83
2 5
86 9
91 56
25 16
85 47
1 15
84 15
97 81
83 9
9 21
17 42
22 68
19 51
48 46
95 8
51 47
10 18
93 8
56 40
24 38
43 30
74 19
54 62
35 79
59 41
8 69
72 95
19 70
32 40
85 47
7 89
85 88
83 94
81 71
27 97
77 21
17 47
30 69
69 23
91 54
87 77
1 37
81 99
45 35
26 13
25 88
80 69
92 62
83 20
13 27
1 77
96 49
4 39
5 54
95 78
41 6
22 62
75 66
85 16
43 30
100 35
93 9
52 6
10 86
67 20
66 47
84 31
20 49
96 37
35 49
28 65
74 21
88 69
20 44
62 66
17 3
10 79
92 69
38 5
19 18
66 94
53 77
43 95
86 30
53 79
100 35
21 31
98 29
87 16
65 21
33 91
56 99
77 58
84 94
5 44
54 74
19 36
14 81
28 47
55 69
55 77
42 33
61 46
29 68
48 53
45 40
22 30
59 53
67 89
72 19
91 77
96 80
57 60
59 86
53 51
47 57
85 67
45 56
56 80
59 65
66 30
58 79
29 42
91 99
75 80
45 12
84 22
91 5
80 47
9 94
57 36
34 79
71 23
25 3
84 60
84 8
13 39
32 27
71 99
45 4
50 94
77 50
40 87
20 54
41 76
61 65
86 85
96 12
98 46
88 60
74 71
30 55
61 66
84 66
96 76
20 64
22 62
28 58
7 33
7 21
54 33
97 70
73 26
67 71
54 78
30 68
91 55
47 94
75 92
41 60
33 15
68 10
70 47
85 87
24 47
57 70
52 68
11 8
42 76
65 76
63 41
57 36
27 1
90 33
40 62
81 83
88 46
81 93
67 55
98 71
17 79
59 60
7 47
90 47
13 82
27 23
17 37
84 23
51 84
25 100
62 9
3 60
96 55
91 82
3 46
44 50
28 30
45 63
70 65
43 58
73 93
42 54
96 71
86 85
24 70
26 17
43 60
11 55
4 12
19 8
54 34
29 28
16 26
19 67
24 77
64 67
72 1
87 47
15 42
17 33
13 52
4 57
95 44
72 65
13 48
3 73
42 92
85 18
27 18
75 15
58 84
56 71
90 94
27 19
74 84
82 17
58 87
4 87
68 77
71 68
87 48
100 49
72 5
87 23
11 72
27 7
19 66
81 45
24 51
13 71
14 24
51 85
4 48
96 39
91 3
56 54
59 94
100 8
40 23
32 34
25 48
52 46
86 79
89 39
82 26
26 68
72 47
91 26
85 22
5 64
29 59
51 82
1 31
98 38
19 39
41 87
46 80
4 6
38 22
20 53
72 79
27 12
27 98
27 100
74 1
43 12
48 60
88 54
74 71
49 71
85 52
18 56
81 47
89 8
57 86
28 87
20 50
62 68
84 82
31 9
4 28
29 25
30 58
4 84
34 83
16 47
98 80
66 49
2 58
2 64
65 66
100 41
100 53
43 6
25 15
13 41
2 28
74 95
82 20
94 68
100 79
61 53
2 97
98 39
24 51
43 27
66 76
40 21
27 53
14 58
67 85
27 54
48 79
67 46
66 49
70 33
96 50
28 62
36 35
7 20
72 69
26 61
42 77
41 81
73 28
67 90
38 97
82 21
5 78
27 87
97 68
96 68
86 58
45 11
67 7
43 72
4 32
58 80
10 74
73 80
5 12
34 48
35 97
36 83
24 99
23 76
32 78
30 65
53 55
43 54
51 70
80 26
94 90
61 37
34 86
54 67
33 52
84 63
40 41
36 17
30 87
26 78
13 35
20 93
69 47
63 66
51 78
24 97
3 77
28 78
63 69
70 71
90 71
29 57
98 16
33 77
67 42
69 92
43 88
26 95
75 46
27 28
27 76
84 68
48 89
24 44
66 77
58 10
84 35
48 40
67 33
43 59
56 16
59 36
65 77
22 86
100 71
97 65
90 76
52 78
27 6
72 99
90 58
82 95
76 51
82 18
25 22
30 21
70 3
72 97
13 31
81 69
42 93
47 18
73 30
17 1
5 86
54 49
71 68
91 59
64 16
91 11
38 37
63 92
24 91
40 68
61 79
46 23
98 75
26 69
11 66
59 78
28 87
18 74
83 69
35 92
29 93
2 21
11 47
97 50
74 41
79 55
53 5
53 68
45 73
19 28
25 4
51 10
65 35
91 99
56 100
61 70
29 98
53 62
77 88
30 65
61 9
72 37
95 33
4 90
33 44
35 68
91 55
54 63
72 11
7 30
32 31
98 28
2 79
79 44
68 44
59 23
56 64
83 65
100 59
9 23
11 36
51 62
16 15
43 89
10 79
39 79
19 62
83 80
30 21
37 76
33 39
27 37
37 18
48 61
13 88
60 92
38 68
49 85
74 7
40 88
7 55
83 47
53 83
15 49
11 60
2 63
93 92
1 99
97 99
46 64
28 7
92 78
19 45
99 76
29 70
58 65
32 64
53 66
74 1
14 31
9 50
39 78
10 23
45 43
43 14
90 64
40 89
16 68
24 90
9 21
36 99
77 58
71 8
82 66
59 83
75 6
22 3
67 22
72 99
66 3
65 18
24 90
14 77
59 42
45 23
20 6
81 93
35 10
22 94
74 55
65 20
44 54
5 76
83 46
57 50
62 44
22 77
43 82
20 18
66 79
2 77
69 55
20 80
70 18
38 64
74 12
49 79
36 97
18 46
79 55
25 46
66 87
30 8
60 68
7 3
48 39
11 50
51 20
84 28
56 47
4 28
99 51
100 5
38 99
33 50
58 44
29 98
35 99
40 79
45 71
46 54
32 44
57 75
47 44
51 92
7 70
60 79
43 53
85 47
64 44
17 42
66 22
57 54
2 12
45 35
72 19
100 68
82 20
25 56
90 17
53 70
56 65
35 88
68 18
81 39
29 58
1 83
25 16
52 44
75 99
84 46
57 71
89 85
17 37
36 3
27 31
43 72
84 65
32 33
72 89
84 6
65 23
13 46
65 33
11 89
75 8
43 77
43 72
20 60
4 64
99 69
13 28
97 9
66 15
28 85
67 48
84 17
19 92
75 60
49 69
56 72
74 41
83 62
82 26
57 44
69 6
24 14
46 12
82 46
61 1
26 27
68 9
52 76
19 67
98 86
97 12
61 90
86 49
30 84
28 76
41 24
55 28
19 45
80 88
4 12
22 6
80 21
84 27
63 60
22 23
30 78
38 7
34 56
74 16
32 20
88 33
92 2
56 79
41 99
60 30
31 12
7 2
57 50
57 67
74 36
11 37
62 91
64 62
88 54
100 7
90 37
85 62
62 46
74 4
70 39
82 76
33 68
41 8
27 26
91 33
96 71
64 21
1 10
10 62
89 78
11 12
57 94
25 60
32 39
36 92
87 69
19 81
28 39
7 94
38 10
17 55
54 21
1 21
85 60
66 94
25 30
25 31
27 55
17 94
90 83
88 77
30 70
89 54
82 8
87 57
57 88
24 87
48 100
62 77
89 31
61 88
1 54
75 70
83 69
13 75
30 21
24 10
29 98
74 89
17 93
4 71
100 79
38 65
19 48
95 22
30 62
26 16
98 6
28 94
73 88
20 5
28 47
73 80
92 14
49 77
1 79
43 48
57 66
51 42
30 51
89 78
73 80
16 15
27 65
77 44
29 23
43 53
27 17
100 15
84 99
35 3
96 17
41 77
27 59
45 12
18 78
65 16
40 51
19 23
10 44
48 35
53 94
28 39
5 33
21 74
61 86
54 69
57 41
52 95
14 63
10 39
45 38
45 18
85 30
72 100
48 8
17 1
10 64
83 34
81 46
7 8
87 50
86 22
43 39
82 88
100 46
34 55
100 55
66 54
94 55
45 46
17 81
2 20
83 57
61 34
100 2
15 44
90 40
36 46
15 91
51 36
45 95
4 91
46 31
39 69
66 50
43 56
22 64
84 55
48 72
48 60
84 89
49 47
66 83
19 81
90 49
63 8
32 85
30 68
2 36
11 6
98 88
20 50
26 80
63 60
17 83
1 95
11 97
45 67
92 62
91 90
56 50
51 95
50 79
49 6
57 78
96 60
30 64
49 92
99 64
82 81
56 21
57 41
72 37
4 31
69 6
11 6
88 94
91 23
93 18
23 76
37 39
78 21
84 67
66 10
95 10
88 94
29 18
13 6
29 75
65 50
7 58
75 52
29 79
99 93
91 30
75 72
86 54
98 21
98 77
36 95
34 6
80 95
52 58
40 41
74 37
14 47
72 42
13 18
7 75
84 3
26 71
4 2
52 9
28 79
54 69
86 69
24 15
73 30
91 40
22 93
73 20
27 47
81 9
31 46
31 5
1 68
75 9
28 14
24 72
86 18
65 55
26 21
34 83
72 42
94 16
21 91
45 20
32 91
32 7
1 95
60 10
80 89
42 59
58 81
19 9
20 66
33 79
25 2
24 93
40 14
19 91
97 88
63 60
65 92
84 7
61 46
51 78
6 66
21 18
86 42
2 46
57 33
63 52
63 50
13 43
57 37
13 82
3 65
36 81
25 99
14 50
63 5
43 86
43 65
9 47
40 1
8 47
90 9
44 36
19 55
27 7
38 7
4 40
45 51
100 62
40 21
91 14
73 10
85 23
71 64
86 14
32 45
70 84
13 41
22 21
47 95
61 71
38 79
91 87
40 39
93 20
98 42
70 64
73 55
49 64
37 10
57 16
73 63
95 15
84 69
73 92
13 77
46 62
30 47
88 92
75 14
5 76
45 21
65 25
84 9
54 64
48 68
54 24
32 87
43 41
99 18
1 80
98 8
19 50
25 4
27 38
56 20
61 76
34 26
52 36
28 79
96 17
53 60
43 75
64 24
31 26
11 47
68 76
67 27
55 8
38 55
66 91
40 16
41 65
67 54
96 22
7 49
10 21
96 85
93 12
13 90
57 93
5 17
19 8
84 26
17 58
32 87
25 63
40 5
86 95
36 37
34 62
27 12
93 10
82 11
25 52
37 68
34 71
96 62
58 54
45 51
45 66
86 85
73 66
24 90
90 56
77 80
43 22
86 6
24 94
13 99
74 5
82 54
72 6
42 41
84 82
40 35
43 85
82 8
82 5
80 18
85 87
19 4
48 76
63 7
4 87
27 94
74 47
73 37
32 13
93 94
74 27
97 87
80 69
35 95
29 51
65 9
2 100
59 98
30 21
98 21
9 68
32 95
94 15
73 40
35 47
47 78
72 77
56 1
73 5
38 75
34 15
19 43
63 8
29 58
57 43
5 76
85 11
67 16
80 15
99 9
39 29
13 16
45 37
14 37
57 39
67 95
22 76
98 87
13 39
83 16
89 33
2 78
80 95
2 58
96 46
36 37
57 37
37 52
72 26
96 97
57 53
20 60
87 31
36 9
49 44
32 85
96 36
61 95
83 44
84 31
53 50
2 40
33 44
50 55
56 20
1 39
29 51
86 83
72 23
36 79
84 100
91 10
73 31
27 10
1 16
58 64
47 50
29 80
28 23
4 90
82 68
24 2
24 79
46 1
25 49
27 1
59 16
13 66
54 55
79 6
74 52
56 39
51 18
46 8
11 93
1 22
62 15
24 90
97 64
31 43
21 3
27 8
57 99
59 80
59 86
53 5
48 20
8 47
75 99
52 26
5 23
15 44
67 43
87 21
85 64
49 22
91 52
52 80
45 54
52 39
54 69
67 84
61 86
32 40
70 23
4 6
66 30
80 48
19 46
91 75
25 22
28 16
74 56
41 15
29 11
27 53
96 55
29 92
95 26
52 87
1 8
17 10
74 24
50 98
79 18
27 59
11 95
27 12
67 50
19 78
35 6
20 89
90 64
34 94
34 66
45 67
19 31
53 65
100 52
65 90
81 10
61 51
90 86
36 65
45 34
30 99
65 52
13 41
57 95
87 1
14 70
8 15
86 68
40 63
32 26
63 8
74 23
72 70
3 76
29 23
54 18
75 54
48 41
40 85
86 60
65 21
72 10
88 49
11 17
28 26
61 56
30 37
75 71
77 82
29 81
72 9
32 64
32 22
83 99
58 39
100 64
43 78
98 8
52 44
48 22
57 54
4 77
60 52
99 6
40 70
25 40
72 42
57 6
100 7
28 89
3 54
62 50
7 45
50 79
100 26
35 6
36 55
48 33
36 7
73 94
66 95
46 76
66 47
54 44
4 33
24 20
77 45
100 18
82 69
20 52
24 46
13 58
97 6
67 55
43 82
51 12
75 6
55 58
14 83
81 83
66 99
43 100
52 94
31 77
91 76
22 69
74 46
40 44
62 18
25 54
67 64
17 83
40 80
45 22
4 76
10 98
67 36
27 89
23 44
100 70
67 33
64 78
67 7
25 36
86 94
13 9
87 10
31 54
27 85
28 1
65 16
30 54
31 32
75 80
38 48
93 39
49 16
75 9
11 34
30 39
88 83
10 76
96 55
83 21
11 93
52 9
53 14
67 97
24 37
91 7
57 67
77 94
81 15
93 55
73 97
66 94
85 81
56 80
75 70
4 47
43 31
61 100
6 44
65 16
74 54
36 8
89 58
74 4
38 40
95 62
43 34
66 81
36 75
51 48
46 30
91 60
1 49
66 18
13 81
85 83
27 77
16 49
99 50
13 65
19 40
98 89
84 30
94 47
73 6
27 79
82 44
78 44
67 56
49 78
57 61
38 89
17 81
98 69
56 73
41 79
60 17
62 92
81 31
71 16
86 76
60 52
75 81
88 1
20 99
24 48
52 9
2 9
52 77
30 46
60 46
48 50
90 31
22 26
84 80
64 90
42 71
90 99
5 15
36 18
95 23
93 47
35 85
72 76
57 64
43 23
89 94
21 91
7 15
73 65
27 70
17 85
27 88
56 17
72 58
22 76
72 10
59 76
4 49
98 15
96 1
19 2
4 34
85 54
67 78
4 77
86 55
27 2
47 88
41 92
28 23
35 85
4 42
43 41
77 94
51 1
66 39
73 86
99 79
87 56
67 74
27 46
36 89
33 81
96 86
45 65
19 67
87 99
96 58
27 70
33 43
1 39
100 64
56 5
82 24
48 50
66 26
73 85
84 90
4 69
38 20
19 95
17 89
74 6
51 56
85 42
31 10
49 47
11 37
51 33
44 11
63 81
47 15
31 55
85 71
86 95
48 4
43 36
93 94
95 93
72 44
41 53
52 87
4 68
99 45
46 90
100 76
53 99
92 12
43 94
74 53
43 99
39 92
89 97
30 31
11 66
25 12
57 34
28 60
74 93
13 34
98 23
24 61
91 28
59 75
38 58
38 48
13 7
74 19
34 68
62 76
75 20
32 5
32 92
96 59
96 10
88 54
75 37
81 31
64 40
75 43
49 21
29 75
17 41
38 51
13 81
72 41
28 39
73 40
4 93
99 6
10 16
53 66
98 54
89 56
48 47
48 20
26 76
13 54
63 41
87 67
31 8
2 78
32 38
74 62
72 95
58 5
2 100
89 29
86 30
81 30
94 69
7 54
47 6
48 95
13 20
49 59
14 42
48 99
7 77
63 93
42 52
66 78
74 67
46 5
64 8
20 87
46 13
32 85
46 95
4 7
27 77
53 8
96 46
86 30
41 15
85 22
72 87
59 30
43 89
45 60
74 89
25 55
62 23
24 64
43 7
26 62
73 40
74 22
37 61
30 65
98 8
47 23
5 79
14 30
9 71
96 83
98 23
14 78
36 66
86 6
29 91
52 83
7 31
83 8
64 66
17 87
24 95
30 65
4 76
25 68
54 8
35 84
40 70
27 2
63 82
11 52
35 94
28 50
6 21
54 35
71 93
60 44
66 49
39 8
36 26
29 78
73 10
51 8
13 9
11 87
25 7
74 5
42 5
27 28
34 73
56 28
86 14
5 20
42 78
59 6
71 18
40 53
73 69
1 37
69 86
87 37
96 87
85 65
51 50
82 86
25 15
98 7
27 59
14 3
79 44
11 93
10 78
35 10
4 2
13 8
48 25
17 31
45 71
35 78
53 44
25 15
20 62
90 73
57 69
64 8
54 23
25 89
34 50
28 86
57 18
29 84
36 70
41 66
56 68
44 85
53 94
14 99
40 76
26 54
24 72
45 72
89 55
86 60
73 12
28 18
4 54
96 34
10 22
1 8
56 31
1 6
35 5
59 82
10 64
48 53
25 35
86 80
29 65
62 7
4 35
16 23
100 16
31 65
35 49
19 8
14 10
91 26
92 12
4 8
96 20
62 30
58 14
63 18
39 6
22 3
85 97
60 78
74 1
63 6
61 100
88 18
59 35
13 3
57 75
86 94
17 6
69 20
68 6
13 37
4 84
85 22
98 75
10 18
26 49
59 1
94 50
20 50
48 2
58 92
28 94
51 95
61 28
20 88
29 24
63 85
72 59
26 82
67 72
98 57
17 26
96 66
89 87
84 20
57 70
31 78
100 70
36 65
20 80
56 95
73 77
45 20
74 79
35 30
4 86
56 16
41 10
4 59
72 51
95 92
35 85
52 46
20 2
5 46
29 63
48 39
23 44
45 97
11 72
43 59
81 62
29 46
32 39
19 3
81 49
8 25
72 85
45 42
10 47
19 40
87 49
35 85
37 99
25 24
9 27
45 27
24 96
2 20
73 86
52 62
60 48
32 70
84 6
67 10
29 40
46 65
98 92
93 33
3 79
84 86
90 86
87 94
13 66
19 93
53 69
13 27
86 64
66 8
24 87
87 23
22 24
39 64
13 92
9 15
46 64
3 15
72 70
93 16
70 24
26 16
35 66
25 99
43 80
53 14
34 48
98 33
94 23
52 95
10 21
7 22
36 12
5 33
57 100
89 18
20 71
87 99
41 39
1 31
32 67
24 21
22 12
91 47
60 99
92 62
74 33
27 8
14 94
31 19
34 48
85 5
75 9
100 95
16 23
72 19
67 5
56 68
88 87
9 23
96 95
96 16
68 78
3 21
13 50
60 52
100 86
41 52
35 47
22 6
82 35
60 40
63 85
84 83
30 54
100 68
66 48
32 82
28 59
4 46
70 54
35 7
16 62
70 18
100 47
25 76
31 9
28 37
81 76
22 5
28 87
51 56
24 78
54 92
10 85
43 90
54 47
90 20
41 53
68 62
48 8
41 30
92 53
92 94
36 94
96 60
73 62
81 38
11 100
24 70
34 17
37 9
25 96
63 77
69 76
29 61
73 75
79 44
82 85
83 64
96 61
66 92
81 10
62 5
85 3
27 56
86 87
73 41
96 59
54 77
43 4
28 65
32 76
31 76
53 6
77 23
64 50
13 62
99 33
50 86
61 47
56 9
76 6
3 56
32 11
43 10
48 16
13 97
40 12
98 49
100 35
45 68
48 25
11 26
11 58
34 66
62 30
5 43
96 20
7 76
22 66
29 7
8 78
51 37
4 63
19 92
86 10
100 18
56 62
53 76
73 80
20 66
38 40
24 8
96 95
19 67
48 69
3 65
11 50
73 64
12 50
39 68
88 33
74 22
60 26
26 39
36 49
68 78
67 48
36 69
61 60
56 63
70 98
100 15
29 93
39 6
77 47
22 78
32 47
71 16
86 36
11 76
96 82
3 33
96 58
82 48
82 49
89 47
19 10
20 47
32 30
5 54
61 62
94 68
92 78
61 5
27 92
97 55
31 50
57 3
20 14
51 37
29 90
2 54
88 21
29 83
44 61
7 22
61 10
20 94
92 85
90 70
48 5
25 6
62 21
17 1
86 60
89 5
29 90
59 75
11 53
45 3
45 61
69 17
61 18
97 33
91 33
13 74
51 18
27 85
84 46
30 44
57 36
49 21
88 26
98 73
56 72
100 33
41 93
27 75
29 2
92 78
29 10
3 64
74 23
84 80
12 55
7 14
81 77
1 58
87 10
72 36
62 94
6 21
31 94
13 45
83 23
91 80
50 79
19 23
13 21
27 23
1 51
57 43
75 57
71 100
85 18
7 71
98 53
45 57
58 15
90 85
44 87
86 60
82 68
80 24
100 83
19 96
74 76
91 37
59 42
42 81
86 71
82 68
24 31
14 70
30 9
22 39
98 21
26 8
46 92
79 91
57 16
51 46
61 64
84 2
10 62
24 82
48 30
65 23
34 10
7 23
34 94
14 81
4 39
93 12
46 92
63 77
78 47
27 68
96 97
87 59
97 70
34 55
61 75
52 79
42 94
52 94
63 99
88 95
27 18
82 46
46 79
80 50
29 47
20 41
89 60
93 69
21 4
12 93
21 14
84 66
89 88
99 64
40 26
48 70
59 39
2 15
23 56
52 95
49 39
74 33
46 92
51 23
74 55
25 99
8 66
72 49
5 41
51 50
13 44
86 55
48 66
42 49
72 16
74 28
29 5
19 90
2 58
81 30
26 39
66 99
100 97
26 15
27 61
13 6
42 96
95 99
11 63
70 68
49 93
65 71
45 61
48 35
34 5
57 9
16 80
84 86
100 8
57 96
81 53
38 70
30 47
1 16
51 6
24 58
46 8
77 47
14 71
82 55
75 3
96 82
75 48
94 66
32 52
71 6
93 16
29 88
40 49
29 26
92 18
53 3
77 74
54 64
26 54
37 75
75 81
97 80
13 12
13 40
70 5
88 81
97 79
100 16
72 3
23 18
82 71
34 84
97 8
27 85
29 83
14 92
11 30
58 21
63 8
32 66
38 69
27 5
25 60
81 93
100 34
40 49
60 10
32 14
34 63
61 28
63 53
98 9
40 68
76 6
41 53
96 49
37 64
48 78
60 97
20 44
24 6
29 26
17 68
58 5
5 18
75 10
61 18
22 77
1 65
74 83
71 39
27 81
14 79
93 6
13 90
33 8
90 17
92 71
84 85
33 92
63 36
19 83
20 42
7 30
5 18
89 67
63 66
11 46
29 4
5 76
38 71
90 15
48 68
91 12
49 12
22 79
26 92
42 28
92 78
31 95
66 31
40 44
67 1
96 42
47 69
57 37
91 44
33 50
10 18
36 12
65 10
44 22
43 33
17 12
43 84
96 20
100 14
43 70
57 50
4 87
45 57
56 88
56 94
25 11
13 45
58 32
91 42
67 76
21 74
24 86
74 49
85 37
46 69
49 8
41 42
83 92
95 50
45 48
51 71
17 66
37 66
49 68
25 89
98 62
91 7
96 79
54 16
4 5
71 23
94 18
95 3
29 9
20 9
83 6
43 99
18 81
13 28
90 95
3 92
94 79
13 78
56 71
58 8
41 99
5 63
85 79
30 20
63 56
7 18
25 15
77 61
20 6
13 84
90 77
33 24
49 68
26 54
51 27
48 9
14 23
91 7
76 34
67 85
53 26
77 2
32 80
59 5
24 51
74 70
72 73
47 3
46 44
85 14
67 65
91 43
32 3
38 77
52 83
24 99
53 81
38 92
49 3
25 6
88 26
26 62
38 95
100 81
91 92
60 71
51 83
89 65
56 49
29 45
14 89
91 50
87 49
40 77
100 42
35 2
83 50
50 99
17 60
1 87
26 99
18 3
4 85
63 59
64 76
82 5
8 31
74 14
80 78
58 50
36 35
50 6
45 89
98 12
96 100
25 80
83 63
34 75
14 80
53 3
100 10
91 80
20 59
86 15
37 71
13 4
11 99
11 23
74 50
51 87
72 14
51 42
96 1
87 27
27 5
52 44
86 99
81 30
1 50
16 44
46 90
59 88
87 39
55 47
57 71
52 78
26 88
70 51
11 10
42 92
35 58
96 55
86 30
32 23
92 18
70 49
53 60
34 28
36 31
19 56
72 62
24 96
12 65
19 4
4 31
61 87
20 88
59 95
42 5
92 13
54 50
49 68
48 69
29 72
95 83
62 6
90 21
57 27
90 95
83 8
2 77
67 26
72 76
97 76
96 49
68 23
40 57
9 44
67 9
85 94
24 59
66 37
51 12
29 76
97 52
34 99
48 26
86 97
75 31
26 79
23 18
68 18
67 56
81 52
14 9
74 42
51 66
56 99
48 12
27 79
40 92
38 21
38 87
98 51
24 68
63 57
27 7
38 14
2 56
66 30
17 95
55 83
59 7
49 76
96 33
27 55
8 23
63 54
53 46
53 89
59 21
19 32
27 68
40 20
14 55
96 60
43 35
19 9
4 1
84 93
32 67
95 39
74 91
32 42
10 80
1 9
72 23
77 5
48 50
17 96
90 70
67 90
24 80
4 6
3 93
91 35
10 69
67 46
80 23
19 81
43 80
62 41
81 42
79 76
2 65
96 88
35 9
89 71
27 90
27 87
22 3
42 46
53 5
25 37
89 88
72 7
7 42
40 15
45 9
51 52
45 97
97 88
23 4
37 31
63 1
61 13
46 33
73 36
67 62
32 77
92 8
73 93
46 32
31 49
89 20
87 1
42 39
47 37
17 37
35 50
83 39
40 89
100 12
81 62
85 30
60 92
56 22
28 16
51 28
86 6
40 63
83 77
74 54
91 17
86 83
1 18
1 69
91 75
50 26
56 36
84 86
86 47
80 31
41 58
17 10
74 88
56 53
8 63
44 27
48 70
36 23
85 5
40 10
7 70
22 9
59 55
31 19
42 46
82 88
19 80
86 70
22 92
61 35
53 87
41 69
37 8
74 54
33 50
53 94
27 14
45 12
65 80
51 89
95 26
95 64
26 99
45 34
56 14
10 8
55 81
34 80
72 89
92 44
38 64
53 14
65 63
59 43
16 18
7 12
17 65
87 78
76 55
44 38
30 78
42 52
83 71
86 97
85 62
24 34
27 17
13 11
30 65
7 95
29 25
4 22
63 6
49 58
73 88
7 77
72 17
58 18
56 81
74 43
1 5
100 7
1 17
32 85
17 68
1 68
70 65
84 10
89 93
25 20
30 26
59 6
72 19
48 61
32 15
77 16
35 52
19 23
90 22
38 59
73 6
67 69
49 18
11 10
56 63
72 1
96 88
4 8
34 78
1 62
22 86
15 21
49 18
11 92
46 39
67 82
57 97
49 18
59 22
61 15
30 64
66 15
73 31
75 6
100 92
91 64
79 43
67 1
69 47
28 42
75 27
86 70
92 69
89 95
13 85
29 91
68 92
22 99
35 58
7 62
12 68
57 87
51 90
40 50
34 12
54 15
74 15
75 31
48 15
32 58
16 70
96 62
59 3
81 31
17 97
32 72
53 92
24 38
25 59
82 79
91 26
19 16
70 10
66 31
25 54
74 76
46 8
72 89
63 46
25 24
97 88
83 3
48 60
67 16
100 35
91 71
59 42
36 22
43 18
41 42
2 95
19 26
1 71
86 47
45 50
35 7
3 73
83 68
64 15
45 10
29 78
33 12
78 65
19 9
96 90
67 31
37 50
2 66
66 26
74 49
57 35
32 93
64 45
90 35
56 52
85 18
3 65
45 71
77 64
42 21
45 20
26 10
75 92
75 79
31 94
42 69
73 36
45 64
11 99
100 95
25 62
41 1
40 49
73 16
27 59
26 50
60 59
43 81
32 72
56 64
74 9
58 15
4 63
31 46
19 72
52 88
3 49
88 18
55 67
73 3
71 33
17 60
70 46
91 42
98 20
28 75
16 12
99 18
25 87
37 23
25 86
53 71
39 23
39 54
44 29
32 99
75 95
31 5
2 37
81 77
89 23
72 88
64 48
11 97
4 17
51 86
75 83
91 71
85 26
37 78
29 2
35 83
70 9
29 91
7 9
56 16
86 42
57 28
82 85
13 41
44 43
28 37
14 93
66 49
67 99
78 6
53 77
31 93
69 44
52 93
12 68
75 76
30 40
42 54
7 11
40 92
34 100
50 18
55 98
20 81
66 87
38 48
27 10
41 14
86 93
13 27
28 86
17 60
90 93
34 99
25 34
33 78
31 39
63 22
87 16
42 18
55 35
60 39
88 58
3 49
29 59
30 84
41 92
22 54
7 94
29 15
58 69
41 88
21 55
40 94
42 70
24 75
75 12
98 12
55 69
4 11
59 65
90 87
87 18
32 67
2 93
41 91
74 54
19 60
63 97
82 1
70 6
13 21
73 89
36 37
24 30
89 10
50 6
83 58
48 33
72 39
74 21
30 39
85 18
75 12
60 92
44 6
96 41
2 81
45 30
25 85
78 70
59 41
56 68
90 92
36 6
70 7
91 65
75 70
32 82
72 30
60 22
7 6
44 22
6 16
49 74
48 29
29 6
49 75
57 87
74 1
26 39
67 66
29 75
94 46
74 36
90 12
43 81
58 21
54 55
38 12
13 57
65 77
73 7
10 80
40 37
53 14
21 81
36 39
63 5
61 42
34 66
34 63
41 94
74 41
52 54
88 80
52 79
91 54
67 50
20 86
53 65
41 12
51 60
3 71
67 11
70 64
45 43
32 26
21 16
5 62
32 50
11 71
67 33
58 77
13 40
37 15
67 14
59 55
60 62
7 1
31 89
86 46
43 56
21 5
31 77
45 48
84 68
11 100
89 22
13 85
13 87
90 92
49 12
42 52
27 1
61 75
1 15
19 67
29 43
33 9
38 95
63 3
95 8
59 78
81 33
4 12
13 84
61 94
51 94
52 76
95 71
67 34
74 12
11 100
32 78
48 26
72 9
84 88
45 14
51 92
42 3
24 38
67 39
93 54
29 92
17 14
97 62
33 80
63 59
37 30
49 76
67 52
31 39
46 12
14 69
41 66
7 79
73 65
17 64
59 53
81 54
43 26
91 7
60 30
51 14
73 20
72 17
37 68
23 45
16 78
43 99
58 99
28 95
10 47
96 40
51 41
24 2
35 26
20 30
32 9
51 64
100 79
59 64
90 36
26 92
82 31
51 78
26 47
15 24
24 55
14 4
38 15
47 71
89 37
51 16
55 5
29 80
90 88
82 99
46 33
30 47
53 15
86 95
53 54
98 77
66 26
97 37
88 8
73 37
67 86
41 26
88 87
25 39
66 21
23 16
85 68
85 70
49 5
8 12
41 55
4 17
99 15
14 39
4 27
16 68
99 18
14 93
24 44
11 1
38 55
7 92
34 51
55 18
52 50
34 78
89 8
22 12
2 89
14 83
20 12
100 86
32 70
37 95
2 26
91 56
81 76
19 59
96 91
60 18
25 38
24 64
1 87
53 12
31 92
74 81
57 12
57 16
45 28
2 40
67 75
13 3
53 15
90 11
90 37
87 31
32 69
86 88
37 13
14 26
3 6
72 79
24 3
82 6
19 34
39 12
17 78
98 81
34 8
36 87
48 94
67 58
76 85
9 44
63 74
32 20
71 6
99 41
57 30
17 55
48 59
13 93
42 45
62 55
14 39
71 16
20 75
32 7
17 15
25 36
97 88
35 10
26 39
31 64
24 77
1 95
4 21
15 78
51 94
43 64
67 43
29 20
19 95
37 80
54 50
97 99
86 55
43 3
85 22
92 80
61 87
97 88
29 93
57 34
32 97
32 61
27 5
84 24
29 95
62 9
86 66
57 49
96 70
25 87
85 41
38 18
56 26
65 8
28 58
100 17
96 70
27 64
79 55
40 58
61 15
19 78
38 56
4 39
70 78
72 45
29 59
90 23
49 94
87 65
77 21
63 52
74 63
35 1
87 16
56 95
11 39
82 70
56 72
51 46
7 37
87 58
26 6
92 84
38 44
29 80
64 62
66 8
97 47
44 10
27 93
32 12
30 99
82 10
32 91
69 68
72 71
8 16
34 23
34 75
90 69
95 65
81 55
56 30
100 33
57 84
81 23
66 70
25 41
82 4
42 60
20 23
91 42
82 93
10 39
60 70
34 72
75 32
35 49
87 94
29 84
59 18
29 85
59 53
33 18
82 48
80 12
91 35
41 87
32 7
41 58
11 62
91 39
1 78
18 21
17 86
47 50
78 57
91 95
62 84
71 93
64 6
90 14
20 78
13 26
4 10
14 87
14 64
29 73
66 49
43 89
61 13
2 40
32 84
27 77
7 87
37 50
14 46
38 3
59 86
29 31
98 77
57 49
92 62
73 20
32 87
67 76
43 49
19 18
29 11
24 40
56 60
99 33
42 26
97 16
28 5
27 92
14 94
36 69
41 65
27 62
85 95
91 38
81 70
100 26
3 15
3 28
41 7
86 64
29 41
20 97
23 18
51 38
59 46
41 87
42 60
84 16
90 47
29 39
5 77
74 20
30 39
91 88
45 20
49 16
5 16
17 1
3 12
58 46
33 62
84 100
82 78
29 43
32 86
17 65
82 80
53 66
84 44
37 62
43 78
56 5
67 80
29 7
22 39
74 18
41 87
98 64
92 76
91 2
84 1
74 49
67 70
59 75
100 6
68 37
100 93
43 6
25 7
95 36
2 7
97 95
82 45
35 42
41 95
49 92
18 90
45 57
51 49
73 20
91 26
56 60
26 49
99 49
74 1
36 22
58 49
22 18
26 32
70 10
41 31
39 55
72 31
66 89
62 9
87 10
32 46
95 77
60 9
4 27
48 1
65 8
98 87
49 80
87 8
50 16
72 1
54 21
99 12
85 88
88 26
71 23
96 54
15 78
96 44
12 68
48 77
17 93
59 86
81 9
1 50
43 4
5 8
45 17
86 23
4 51
89 36
25 5
29 63
11 95
3 49
71 15
81 64
34 30
25 41
76 55
84 20
83 54
80 37
4 59
43 38
43 36
17 41
1 8
22 10
95 5
91 38
61 6
28 93
20 5
89 65
81 41
36 46
95 83
72 88
7 89
99 92
48 65
72 80
92 65
87 3
55 14
58 68
4 30
11 49
98 48
46 94
90 7
94 6
47 6
54 100
58 22
91 35
11 97
67 7
28 46
89 94
70 14
78 36
57 49
38 92
59 99
60 38
35 14
40 54
60 51
4 94
20 53
45 46
60 76
98 34
57 56
19 9
42 80
25 64
41 3
98 51
86 75
25 8
54 64
65 93
75 24
14 37
35 46
33 55
54 80
68 73
100 40
85 78
63 91
13 46
85 87
4 52
41 55
47 79
98 86
57 14
62 55
35 22
98 56
38 94
69 76
70 44
20 49
18 55
19 37
25 72
37 49
27 70
67 3
24 37
27 97
13 42
3 54
82 99
68 23
14 70
51 34
61 24
40 58
35 52
54 77
61 73
43 49
82 10
78 23
48 41
17 62
13 97
4 62
49 50
64 14
52 62
65 10
95 46
74 69
59 66
57 79
73 11
57 83
35 31
24 71
74 41
61 10
28 75
49 9
20 39
69 50
49 8
63 54
95 65
84 23
34 76
98 12
2 48
13 33
29 50
28 80
4 61
90 12
14 42
99 78
1 69
73 53
88 23
25 34
82 28
88 22
53 95
47 55
47 76
13 41
84 12
28 53
65 33
58 39
56 35
75 64
98 45
13 39
63 23
42 60
43 30
30 46
74 92
97 7
61 87
91 63
57 14
89 55
35 15
60 77
26 6
41 46
85 1
2 36
45 16
91 45
25 64
79 23
65 58
49 31
38 58
43 12
30 54
53 58
45 93
88 18
92 21
24 44
98 49
25 14
61 75
45 95
27 9
2 8
100 55
93 50
2 42
67 4
45 2
2 66
51 88
48 76
27 43
26 3
23 20
33 15
30 47
51 88
76 18
24 28
38 85
100 6
33 53
91 38
31 58
82 6
62 80
84 68
91 66
52 24
83 78
77 47
88 99
51 70
1 37
100 17
48 39
22 31
35 83
11 86
27 63
53 39
24 40
89 60
75 46
94 18
94 9
74 71
14 37
84 28
8 50
37 33
100 10
14 1
78 18
40 55
24 92
29 88
74 86
3 99
45 16
32 87
54 84
93 54
25 59
84 58
45 11
21 55
48 60
53 31
25 39
93 21
57 71
28 21
34 73
28 54
56 87
20 66
79 49
84 37
40 5
25 68
56 20
39 68
1 81
91 77
73 53
65 93
84 83
25 80
81 87
82 14
29 56
24 62
64 55
40 78
64 77
20 17
20 5
66 95
38 5
13 49
51 96
40 95
41 9
45 22
52 64
25 91
69 88
72 88
71 77
1 81
84 46
60 37
57 4
25 68
6 59
66 55
53 22
12 68
97 76
29 28
48 15
43 69
91 44
73 77
96 79
59 13
63 18
7 12
74 7
27 81
85 21
14 76
67 43
92 100
88 44
24 77
100 14
7 70
76 6
53 8
63 52
20 53
8 78
50 15
11 37
74 36
11 42
98 21
45 21
87 54
30 69
25 21
96 88
75 65
70 65
52 46
20 41
84 59
43 82
86 23
60 64
24 33
98 13
48 75
100 88
18 31
90 74
58 18
24 2
37 62
84 8
63 18
85 79
77 58
73 64
11 73
56 79
82 60
42 94
61 22
60 70
81 50
81 24
90 54
24 84
29 25
25 30
66 71
47 78
27 97
53 94
18 80
81 55
34 39
16 19
48 26
73 85
28 54
72 36
43 59
47 78
19 73
93 92
74 2
3 5
49 99
51 16
90 21
59 70
35 78
71 99
46 80
22 9
61 71
45 71
45 70
48 26
63 92
46 92
4 88
46 8
2 14
45 2
50 44
37 44
74 77
3 16
82 36
15 45
25 43
37 46
100 96
49 47
97 81
20 93
26 16
16 69
98 56
40 25
28 89
35 46
98 27
2 63
14 95
49 94
92 71
40 92
7 55
85 54
87 80
57 71
67 51
4 27
59 54
45 11
88 30
67 39
67 54
53 54
28 22
62 61
25 30
77 78
28 78
91 33
49 9
98 11
86 92
29 6
72 70
57 43
87 94
56 92
67 60
35 39
94 18
81 15
96 67
48 95
95 5
59 77
20 89
69 68
25 100
77 76
25 33
59 77
86 30
6 23
73 95
39 78
7 22
75 25
87 79
98 17
51 47
25 15
75 69
97 6
48 5
18 37
14 28
42 64
19 5
29 61
74 42
76 21
77 87
27 61
68 2
61 78
29 88
29 40
84 30
65 8
90 76
88 21
56 30
83 58
41 21
13 99
90 17
17 89
91 8
34 93
51 35
92 47
67 42
91 50
34 5
90 14
34 71
33 68
74 42
94 88
44 87
38 17
57 70
20 25
22 82
50 17
20 18
4 1
66 37
14 99
16 18
38 71
95 76
30 44
3 54
89 54
29 50
34 79
91 79
52 49
29 57
36 58
60 77
76 23
71 12
44 86
17 1
57 22
96 31
90 31
17 71
26 53
93 79
88 41
92 10
25 59
31 55
59 12
92 12
45 73
52 65
89 31
24 80
7 46
31 46
97 71
32 7
60 50
46 8
63 68
93 6
53 93
40 63
81 92
42 78
99 77
40 42
60 97
24 31
100 55
26 47
29 59
40 63
10 29
56 54
33 68
11 79
19 56
82 34
81 3
73 66
79 32
38 58
11 69
90 62
86 33
53 62
82 71
70 6
34 85
73 77
62 77
82 87
66 67
82 12
35 71
28 18
42 22
3 97
14 93
2 72
23 59
89 5
30 34
19 54
52 62
66 70
84 79
7 80
19 92
87 46
43 36
85 6
46 9
13 49
91 59
61 100
43 47
60 58
46 31
57 15
80 55
95 51
25 63
1 79
58 71
32 67
25 92
91 100
71 44
22 80
98 27
46 9
77 76
29 2
87 93
91 21
39 12
83 14
100 23
51 33
74 17
65 92
13 50
24 88
96 31
1 39
27 6
53 26
72 73
57 10
35 79
42 18
26 50
61 6
25 5
37 47
31 27
83 90
49 94
72 45
46 51
61 46
20 89
31 18
60 15
25 54
35 44
88 47
82 92
7 24
57 58
72 83
45 18
56 78
73 41
57 33
77 6
71 77
59 70
50 29
13 33
11 10
91 18
48 39
11 49
61 44
31 3
57 84
63 17
13 47
62 12
6 27
28 59
17 94
20 60
96 97
86 71
63 26
24 73
24 16
100 26
84 6
82 34
82 77
84 54
89 55
80 21
48 100
38 30
43 94
35 77
96 10
28 9
32 1
90 14
53 39
91 49
96 59
70 99
4 95
48 70
67 11
48 46
51 88
63 92
14 46
19 39
92 6
67 59
82 40
43 80
36 70
48 80
13 42
42 44
55 37
11 16
13 1
19 79
29 27
40 21
61 9
31 65
98 79
45 93
53 68
98 68
89 39
86 23
57 46
100 1
41 80
4 52
63 26
67 48
2 1
58 66
17 33
74 55
14 76
28 23
42 77
87 52
53 94
25 49
50 17
88 22
27 68
86 60
88 58
43 2
17 77
100 31
85 6
24 88
61 27
52 23
82 69
13 40
36 54
92 76
25 91
38 20
91 78
99 52
16 48
67 12
14 25
74 37
92 3
67 32
63 47
29 72
29 20
91 5
92 24
3 58
14 15
93 36
11 90
91 50
41 44
70 94
87 44
90 54
81 16
19 30
50 61
29 7
87 15
3 18
28 60
96 10
19 35
73 32
13 65
72 19
68 14
96 82
29 77
25 55
56 20
97 21
17 54
50 69
97 92
67 69
63 44
59 79
28 19
13 95
96 71
95 93
84 1
82 93
58 89
30 47
61 30
91 86
16 14
39 16
72 42
98 73
80 79
7 81
8 18
74 23
25 2
85 8
19 28
45 47
38 40
7 57
2 95
86 78
2 70
19 100
91 88
45 82
59 78
78 18
11 30
2 64
61 22
28 22
32 67
90 4
61 52
72 55
45 87
88 83
70 78
37 9
19 75
50 76
89 79
90 16
39 34
30 54
65 33
48 21
58 9
60 9
29 49
26 49
19 43
36 57
6 99
84 82
38 2
96 50
11 6
11 36
97 81
14 49
46 80
42 6
39 77
27 86
56 64
81 44
90 28
35 62
97 15
91 71
56 96
26 94
1 75
11 23
82 34
83 21
34 9
29 14
27 92
49 93
24 54
57 54
11 31
57 60
32 15
25 15
78 79
42 27
41 92
38 47
28 31
13 22
20 86
98 89
73 31
7 76
83 64
16 12
17 62
22 68
84 35
13 16
52 88
98 51
24 55
88 79
74 4
89 15
74 97
24 80
13 52
30 49
84 39
88 33
96 66
52 87
20 22
66 23
33 12
52 98
6 21
35 87
95 38
27 72
82 66
82 80
59 69
56 93
19 16
74 11
53 6
38 87
29 4
43 73
26 92
45 86
29 82
69 15
14 95
30 5
42 81
10 92
86 81
33 87
22 16
90 34
5 62
49 73
30 15
9 5
42 33
4 21
79 32
47 24
20 35
28 30
32 65
11 77
22 33
2 94
17 21
1 9
74 65
9 69
35 10
50 65
98 47
32 26
92 44
4 6
35 50
4 70
53 60
18 66
100 8
82 60
99 12
22 93
59 14
40 42
36 86
99 8
42 88
47 87
17 88
3 100
4 76
4 64
70 18
41 5
33 53
84 30
42 18
4 59
6 12
38 78
84 73
66 6
39 78
32 4
73 87
40 46
40 79
32 35
67 73
60 26
92 95
29 83
32 55
78 79
99 50
57 39
70 2
21 39
3 76
28 59
1 5
28 54
24 21
49 23
36 15
63 79
51 78
2 17
82 27
26 68
43 79
11 83
27 50
22 10
32 9
45 79
34 37
98 18
57 82
60 10
4 12
72 40
85 53
98 47
27 55
14 94
4 64
96 85
96 61
46 92
91 36
81 75
25 21
89 83
3 31
56 35
35 57
20 37
67 2
37 30
17 21
11 77
61 66
63 36
87 10
81 52
40 76
88 55
67 74
36 22
25 35
20 39
84 46
98 89
19 60
100 64
24 9
13 95
57 33
35 80
90 59
15 39
64 8
57 27
85 80
52 64
11 40
57 84
40 28
45 61
43 64
25 37
51 28
2 37
10 12
91 86
24 17
1 21
60 4
38 63
41 58
43 8
32 35
77 16
59 52
53 92
83 84
28 75
10 80
2 39
11 40
54 50
40 80
44 86
48 65
38 17
57 33
37 79
59 92
51 77
59 58
82 38
67 12
98 71
87 71
75 39
13 72
75 92
66 78
20 77
97 24
89 80
20 49
27 63
41 65
25 8
85 69
3 18
96 71
98 89
19 44
16 44
19 62
72 20
83 16
100 12
72 64
75 59
84 72
19 60
69 44
85 33
48 16
34 75
9 44
82 88
25 50
48 95
82 68
19 1
4 15
82 27
38 17
43 58
70 18
91 69
100 78
96 100
58 44
84 83
38 80
50 7
7 71
30 68
50 23
61 21
43 25
4 92
100 97
96 18
17 5
39 20
82 55
60 49
91 57
48 100
34 39
76 30
57 55
1 50
59 66
42 83
41 70
43 99
71 99
21 26
61 76
27 97
25 57
58 23
98 93
14 93
64 48
52 8
43 42
45 5
65 12
2 59
72 52
30 55
86 30
80 76
17 54
51 65
48 94
36 6
41 68
61 75
74 56
40 50
71 21
7 58
30 83
84 14
60 58
90 11
95 19
85 64
26 58
37 38
40 75
17 47
17 21
51 69
90 87
72 26
59 17
36 83
62 9
84 72
61 60
8 44
80 4
83 43
74 46
66 6
97 79
34 40
69 13
98 63
97 44
73 63
30 9
23 55
2 78
24 15
87 48
13 22
55 57
14 66
61 42
51 30
82 88
87 70
4 28
70 83
40 37
78 29
70 46
95 3
85 15
41 50
82 26
95 92
29 27
43 34
41 95
98 69
93 39
20 45
21 42
69 89
88 78
68 30
45 35
76 51
95 5
29 19
26 35
37 8
59 60
60 88
44 21
90 58
59 81
19 17
63 83
34 17
24 26
34 22
10 60
31 94
85 68
32 9
2 71
4 2
37 33
57 7
77 50
89 31
91 8
48 97
58 19
15 18
54 94
44 33
41 53
48 76
96 66
28 66
65 14
70 8
55 12
42 55
56 64
51 73
29 58
73 92
24 15
74 63
42 65
26 3
73 47
35 55
53 56
40 66
43 64
64 55
60 93
29 71
85 44
73 16
22 16
24 9
19 100
65 68
76 88
27 85
48 20
29 9
34 8
86 39
51 36
35 7
30 76
4 17
54 64
37 33
90 99
61 80
73 78
19 13
25 13
81 47
53 90
19 28
46 64
39 18
19 69
82 85
34 48
100 37
48 20
85 72
29 8
11 75
13 4
52 76
48 20
48 81
35 10
95 10
82 79
90 56
38 58
17 7
53 37
93 76
13 24
95 3
99 44
22 78
48 26
38 32
73 94
33 16
88 99
53 36
4 69
34 52
58 65
71 42
66 81
66 88
17 23
50 95
4 49
62 80
69 99
49 78
43 41
45 83
38 34
4 100
37 9
67 54
49 14
38 81
51 100
72 46
79 41
74 45
81 94
25 40
75 3
67 30
66 9
70 8
42 65
67 80
99 6
77 69
42 10
57 99
97 92
84 73
79 44
84 26
74 68
2 39
75 47
70 16
43 11
64 21
8 55
81 3
67 99
85 14
90 53
74 36
16 7
97 77
38 2
42 54
79 26
88 6
37 55
29 62
29 85
98 39
34 6
13 48
38 12
78 18
45 80
60 10
62 61
60 80
87 18
83 8
48 94
37 12
19 57
37 10
82 46
34 64
66 92
96 8
88 8
99 69
30 71
4 78
53 23
57 22
19 54
3 76
1 66
67 26
3 50
75 21
60 69
11 34
63 9
60 12
20 50
82 38
13 75
87 3
65 69
37 81
84 40
96 84
32 68
58 92
19 70
58 18
65 43
75 3
14 60
7 66
63 94
51 17
19 23
39 92
96 78
97 78
67 42
100 88
9 79
64 15
54 76
48 12
87 61
58 68
11 57
10 44
14 80
14 66
43 64
82 71
25 17
4 12
1 95
59 79
65 47
61 77
11 56
87 92
17 8
56 76
82 83
96 41
32 59
7 95
41 46
74 60
45 28
14 37
17 88
87 10
30 39
74 83
61 36
28 39
57 42
57 67
53 40
37 81
67 34
67 4
96 41
84 2
22 9
27 7
95 33
14 77
19 64
58 47
93 64
18 1
61 86
2 62
55 44
68 97
41 71
71 76
31 50
99 92
78 48
57 73
32 59
24 61
27 1
42 28
87 29
66 10
90 65
58 78
20 42
45 38
36 99
88 16
11 80
57 89
84 42
32 37
57 70
93 64
4 3
26 52
84 46
59 92
98 36
57 88
48 10
37 13
39 72
21 68
59 95
36 95
7 26
11 75
99 1
88 3
4 45
84 31
4 10
24 92
97 7
20 79
51 99
99 6
45 71
38 65
43 8
68 15
82 3
57 12
34 19
77 22
20 7
82 62
24 68
13 61
1 71
48 6
24 83
80 79
98 18
3 39
82 6
26 30
4 81
30 78
42 83
36 26
40 86
19 50
20 9
3 15
25 93
4 27
32 62
41 89
38 64
28 33
84 7
34 87
19 68
13 59
100 14
98 36
30 39
59 52
79 23
51 71
36 92
42 76
7 62
41 18
58 15
29 51
94 15
30 15
28 44
5 15
73 85
24 89
84 18
63 67
96 69
86 83
75 68
91 3
95 9
89 26
88 39
90 39
13 47
28 31
82 100
27 72
90 87
59 71
30 23
34 87
43 78
16 47
97 16
28 99
10 33
24 68
42 46
29 60
89 55
100 65
86 89
20 74
66 15
51 6
16 79
63 71
8 94
14 60
12 36
40 66
84 30
48 66
57 40
19 50
6 36
54 92
100 33
40 8
15 78
20 35
48 14
51 76
26 18
34 31
83 64
45 81
95 93
48 76
32 26
52 69
72 79
34 99
86 62
20 38
90 87
63 81
91 90
12 21
22 95
11 10
19 100
58 65
70 39
45 72
58 55
42 62
85 66
14 55
11 1
34 21
98 3
88 80
91 20
49 18
9 68
61 69
57 80
17 62
72 48
75 97
4 38
88 80
39 78
9 51
18 58
13 3
3 8
72 37
7 97
73 23
51 33
37 23
33 15
89 76
75 33
26 15
17 60
25 46
85 68
11 95
60 49
71 69
59 15
94 12
76 55
24 3
17 3
9 98
89 92
29 65
1 31
41 57
88 15
84 90
2 87
42 26
91 23
78 37
3 58
57 12
60 92
63 12
61 35
24 9
92 6
72 12
2 60
52 76
49 21
28 92
35 77
11 1
97 58
38 66
74 1
4 72
41 89
90 11
48 58
17 3
56 89
17 52
43 68
17 83
96 85
81 39
33 50
89 94
30 18
67 3
4 80
52 18
50 20
25 66
87 92
48 7
90 52
52 64
86 44
19 45
28 47
19 80
63 80
28 81
95 34
72 73
82 23
82 79
3 79
56 9
30 33
100 83
70 49
25 69
80 69
98 22
24 26
95 94
91 28
94 28
17 42
45 38
31 50
2 54
88 44
45 54
85 20
63 60
42 55
88 95
27 54
66 58
61 46
40 59
74 51
66 41
58 76
26 10
36 39
31 69
91 73
91 93
82 36
31 13
4 27
56 28
89 58
84 80
17 70
98 95
13 20
63 74
31 39
13 87
31 69
75 10
63 15
96 23
71 44
27 3
42 9
70 47
64 4
42 3
8 9
94 36
39 63
61 83
51 77
28 53
60 37
49 29
30 70
65 76
45 38
51 28
13 95
13 23
88 55
45 23
36 10
29 7
57 14
24 43
29 6
24 2
27 14
99 62
69 56
48 47
57 27
25 4
11 6
52 33
54 92
13 99
75 5
57 52
31 87
38 87
62 76
18 89
99 44
34 3
75 65
10 44
83 78
4 33
73 77
83 71
98 48
33 13
96 73
2 86
26 54
43 93
36 59
94 21
80 76
32 76
24 85
34 4
84 39
81 39
88 12
13 98
7 5
86 83
19 99
6 51
20 18
74 93
30 94
73 88
4 34
46 93
5 80
18 97
40 53
4 38
32 56
98 94
2 64
89 93
11 21
25 89
96 47
57 49
57 65
70 62
28 95
67 88
46 10
58 92
19 16
37 69
85 30
43 65
96 5
88 44
90 7
26 68
29 45
36 37
57 18
96 80
84 6
38 6
74 91
96 66
93 23
29 93
73 44
22 71
46 47
25 72
13 99
42 93
75 12
41 77
32 30
25 90
13 17
98 46
42 59
73 7
32 13
36 21
69 58
81 52
14 71
95 55
98 82
42 84
86 62
82 86
4 93
57 42
32 62
78 51
82 21
58 36
64 79
84 79
4 59
43 68
4 62
30 62
89 26
42 70
82 59
54 78
48 73
71 47
73 59
86 12
66 64
48 99
78 91
75 16
88 47
40 87
14 64
51 7
32 43
51 79
92 9
82 6
45 97
57 6
59 12
30 23
73 9
78 89
42 93
10 55
98 49
96 46
91 5
14 71
51 6
63 31
42 28
67 96
45 85
7 30
67 50
45 33
33 20
28 66
37 65
87 54
15 21
78 76
72 70
32 76
67 64
29 82
17 77
74 67
97 71
100 33
88 55
91 46
87 21
29 78
27 65
20 93
82 68
10 76
86 55
91 97
4 15
20 49
53 60
25 76
54 33
56 18
69 68
15 64
29 39
29 1
83 4
73 39
82 72
17 44
57 47
25 49
82 16
100 52
74 63
60 47
49 94
67 97
17 7
27 41
16 79
96 92
20 88
90 36
84 61
84 35
59 66
74 46
32 9
37 44
14 10
98 75
90 80
32 8
74 66
22 49
23 48
4 79
8 51
77 47
19 78
61 79
85 42
96 68
65 79
47 18
40 20
62 67
23 73
73 15
72 41
73 87
95 92
90 85
17 33
99 54
99 18
37 6
29 41
38 20
50 89
30 18
40 97
45 95
36 23
4 9
66 51
3 54
17 18
48 79
43 37
50 23
35 92
28 14
90 70
10 68
37 22
14 58
100 99
36 66
7 6
72 97
92 15
1 52
30 8
24 59
14 12
14 99
38 81
14 79
65 54
2 30
84 92
41 30
67 70
19 11
17 95
69 44
59 31
67 69
4 74
70 3
98 27
66 44
30 47
17 14
26 12
45 81
28 12
99 55
46 92
74 30
47 12
69 2
46 69
67 6
87 76
67 81
41 94
80 76
42 79
91 56
25 2
74 76
48 21
37 95
65 15
13 94
58 8
48 60
74 34
84 78
4 52
74 50
31 33
58 23
67 80
61 39
97 16
19 100
42 39
24 50
54 70
19 99
32 72
55 99
4 42
17 8
75 89
11 28
7 8
84 50
55 85
20 64
70 62
17 80
65 57
100 7
90 8
13 45
2 44
32 27
25 15
59 30
39 18
10 15
89 46
87 72
85 80
24 28
11 34
63 95
49 99
57 92
95 39
97 68
77 8
14 6
91 53
39 77
89 9
27 8
59 10
95 2
43 2
74 21
99 21
19 2
8 78
98 34
25 69
24 42
35 54
29 14
53 83
81 52
94 47
1 55
49 62
60 50
47 56
29 79
28 35
60 44
84 25
32 17
85 77
52 23
31 45
65 83
19 38
89 54
31 78
4 42
41 9
17 98
51 6
32 20
20 85
97 5
61 1
64 69
51 39
11 63
77 6
86 31
73 84
29 45
36 8
56 17
75 37
42 48
56 21
72 69
42 33
35 14
25 56
2 70
4 70
51 93
91 39
28 65
19 95
32 100
93 78
82 83
36 10
31 55
27 16
67 72
51 43
98 95
97 69
61 64
67 15
84 42
63 78
46 56
24 7
78 44
43 81
84 6
95 79
98 52
84 94
31 2
2 3
11 33
87 92
84 28
49 54
28 85
94 21
56 49
85 22
69 23
85 64
83 50
51 80
50 78
96 77
47 12
63 97
10 18
91 72
35 18
17 75
1 26
52 49
66 26
80 15
80 79
49 79
8 47
93 33
24 89
74 11
4 70
57 15
72 62
25 59
7 87
89 77
56 35
29 45
82 63
62 47
96 70
11 7
75 82
19 28
89 21
47 18
28 68
57 60
29 58
25 6
73 83
25 86
22 69
73 64
92 8
19 15
53 99
34 12
26 12
91 66
31 54
92 79
72 88
36 95
73 92
70 96
43 85
57 48
45 69
28 33
53 92
73 95
46 93
32 66
35 30
82 4
20 3
32 46
25 68
8 55
48 87
65 80
48 10
89 54
4 86
88 77
51 12
10 77
59 88
34 17
46 65
27 52
81 93
93 25
29 4
52 18
61 15
96 2
14 30
61 54
57 14
65 9
43 69
27 72
27 15
63 21
25 66
82 16
24 31
98 84
93 21
28 30
40 89
59 16
98 28
56 53
11 61
92 16
61 5
81 92
25 93
31 23
26 49
36 77
90 46
43 63
13 53
52 14
73 68
43 75
46 77
27 37
68 42
57 87
36 87
34 12
24 54
70 83
96 72
72 61
30 26
26 10
67 51
63 1
48 26
85 77
45 65
12 76
17 3
33 68
16 67
72 52
74 97
58 94
47 36
7 15
68 82
13 97
91 21
62 52
45 26
82 41
89 10
43 23
65 64
67 72
34 78
43 68
43 15
4 69
37 29
80 44
24 3
25 21
32 63
51 64
53 99
95 31
87 71
74 16
52 9
29 38
67 65
4 11
3 21
98 60
2 60
59 16
62 89
90 92
27 2
96 20
27 71
100 62
82 83
83 39
35 54
40 92
100 63
7 39
43 55
42 22
56 46
54 12
80 78
29 13
85 8
75 46
66 12
31 44
22 3
73 3
27 40
45 15
57 6
100 80
86 52
14 85
17 97
68 78
7 75
62 27
8 92
67 15
26 49
36 41
81 53
14 28
89 68
98 55
83 77
29 27
72 59
42 63
82 94
34 21
28 52
29 3
7 42
12 79
45 48
82 94
62 50
43 65
87 16
61 22
89 23
51 44
23 64
57 97
45 37
98 60
85 33
41 12
11 40
63 85
13 26
45 51
90 56
2 89
99 15
25 62
61 62
74 61
19 99
15 18
59 46
42 97
32 81
52 73
34 69
73 47
43 83
54 68
33 68
92 12
89 94
25 44
77 50
83 77
42 60
92 78
98 52
67 8
17 79
40 10
86 51
91 62
96 77
91 13
54 55
7 17
96 3
81 78
84 73
33 60
11 9
20 35
30 95
46 71
57 75
29 44
96 8
31 55
36 93
86 99
85 10
40 2
42 15
56 62
98 78
67 8
41 31
90 70
82 40
96 59
75 80
74 33
61 97
72 26
1 83
99 62
22 92
83 68
2 75
25 87
4 87
7 52
2 79
78 55
17 22
64 92
40 70
86 71
74 62
75 39
10 78
35 65
67 36
34 85
51 10
89 55
32 89
19 49
100 78
19 99
41 26
6 93
43 1
98 95
57 56
95 54
48 70
39 47
53 39
14 93
14 52
11 100
42 95
86 99
14 57
29 34
57 23
2 59
1 26
40 18
82 76
2 54
17 92
2 15
24 95
97 81
67 2
84 72
87 55
96 48
71 18
4 16
94 5
84 52
23 55
20 85
51 14
17 70
45 100
67 49
4 80
57 72
53 22
52 10
63 86
13 8
81 21
82 34
88 81
27 68
95 54
75 78
96 52
51 99
13 4
90 41
72 47
53 47
20 16
78 51
17 63
29 78
19 97
82 16
42 18
22 39
26 92
20 92
7 75
23 76
13 69
81 87
91 34
60 95
3 77
58 79
22 44
73 68
59 97
73 31
32 36
13 43
96 1
84 81
61 66
4 70
29 61
48 39
13 87
30 3
44 18
29 16
52 39
25 78
75 65
98 68
10 68
64 92
33 80
82 90
47 23
66 69
5 44
70 78
60 92
85 76
25 44
1 3
46 92
63 97
37 92
72 23
81 50
52 10
99 62
49 54
1 37
92 18
62 11
14 89
44 58
90 61
43 40
47 85
41 97
28 66
92 8
13 33
95 79
42 51
77 44
62 83
4 47
62 78
52 95
48 44
45 44
88 9
65 79
37 33
85 41
93 64
60 15
51 30
11 26
34 87
20 69
57 20
28 37
48 61
27 8
73 44
4 100
99 44
37 76
73 83
57 65
36 99
74 30
38 71
11 30
97 37
16 79
25 36
47 15
26 12
17 47
86 49
7 42
29 22
32 82
4 52
19 46
73 65
50 15
45 83
8 94
7 76
29 19
94 12
61 16
4 73
25 84
56 72
27 83
4 7
40 71
24 5
14 58
59 64
2 9
65 44
69 3
1 12
56 85
43 81
48 100
9 56
69 63
28 12
57 16
85 33
29 15
36 11
58 39
29 36
29 39
61 44
41 53
40 66
90 93
93 68
11 35
75 88
99 78
32 79
57 82
3 64
2 37
89 92
96 69
82 41
66 50
99 76
46 78
42 6
47 41
19 45
56 73
43 7
51 53
3 46
35 52
2 64
1 49
5 76
61 63
65 33
74 6
84 20
19 4
4 6
19 66
55 28
91 30
31 50
27 52
62 49
87 54
25 41
40 49
73 40
58 8
67 12
11 33
66 88
63 15
45 80
89 64
28 59
31 44
56 69
8 15
20 97
77 85
7 31
43 30
84 49
89 15
74 11
11 34
43 94
64 78
63 87
89 95
17 16
58 3
98 71
63 87
48 86
1 16
99 5
40 80
90 56
66 68
11 64
72 5
78 44
81 38
53 68
48 72
77 94
4 78
91 50
46 68
19 98
84 62
99 47
71 82
86 88
92 18
96 81
91 46
41 94
17 58
91 84
71 21
96 55
24 75
51 89
13 33
49 16
84 10
75 79
12 78
73 50
1 68
88 31
84 100
12 19
40 23
86 89
13 6
10 42
100 33
61 18
68 18
81 71
28 4
93 15
19 97
19 4
35 31
66 56
98 21
98 41
88 59
41 8
63 53
81 64
32 92
73 68
70 77
54 15
17 31
11 39
22 49
48 66
16 50
2 47
91 14
19 63
45 99
34 75
53 7
28 22
13 17
82 86
87 62
31 3
28 99
67 8
90 30
13 96
84 81
90 11
34 78
33 47
24 43
72 63
96 91
32 25
96 5
41 64
87 46
100 40
53 16
63 87
11 94
79 5
11 10
34 39
3 8
36 30
20 89
49 21
91 56
82 77
56 99
98 23
43 85
50 15
29 26
97 58
72 16
91 72
24 84
66 21
20 41
19 38
72 51
95 69
94 37
34 1
34 81
75 96
53 75
10 16
99 76
40 76
75 5
93 10
100 35
78 79
47 6
84 42
2 3
34 18
82 55
20 16
68 42
72 52
66 71
4 42
24 100
52 8
34 53
57 33
38 72
11 14
45 47
84 35
84 6
31 54
97 81
69 35
61 76
25 35
13 11
30 95
29 54
50 23
95 15
29 54
84 30
88 55
60 39
75 99
65 64
11 50
70 83
28 81
50 76
46 44
66 94
70 71
37 70
60 8
49 79
67 3
26 76
29 14
31 8
57 63
51 99
88 46
38 48
51 23
62 9
86 93
57 3
82 69
20 17
11 78
78 79
22 78
58 18
8 23
74 47
48 33
11 2
96 65
100 18
38 5
98 28
96 81
1 79
20 16
78 55
26 21
73 78
81 87
40 95
57 48
24 58
54 6
86 69
11 34
1 93
67 68
98 78
52 47
100 3
90 23
13 84
13 78
74 84
73 79
19 87
63 39
69 21
14 87
72 92
99 9
72 55
41 66
75 93
30 21
49 26
4 94
58 8
14 39
3 99
23 18
99 80
40 68
62 8
73 46
83 93
1 3
3 50
13 14
98 86
30 21
95 26
26 46
100 41
63 97
91 50
65 58
53 76
87 26
53 54
68 86
25 5
11 12
58 15
19 71
28 75
24 1
1 8
26 71
38 95
81 58
86 31
7 30
4 90
1 99
85 42
43 5
25 57
82 5
87 55
13 97
85 76
67 17
2 3
57 3
91 25
87 77
23 76
91 47
62 27
98 48
59 7
59 92
48 92
83 68
35 68
90 83
12 16
30 23
22 50
99 62
13 24
51 14
10 34
67 31
88 6
32 50
8 46
51 95
86 37
72 1
46 80
17 54
73 33
34 89
17 65
29 98
67 100
26 10
66 97
11 44
51 79
25 66
52 79
87 19
1 77
28 52
72 78
26 50
52 68
91 100
24 44
20 46
34 2
18 20
67 60
90 33
13 14
67 27
51 91
64 83
10 62
29 25
4 62
56 1
61 30
91 97
93 9
67 52
89 60
17 90
9 8
87 44
27 80
23 21
58 55
42 21
96 77
51 69
10 21
34 29
86 87
14 42
8 78
1 30
69 18
2 28
86 75
98 56
44 73
90 48
4 26
38 41
72 18
39 6
38 63
87 77
84 33
72 53
29 38
82 22
98 26
71 87
39 49
86 55
74 59
16 29
100 99
100 30
19 61
45 52
39 83
74 78
35 4
38 50
34 55
1 66
45 38
11 27
73 85
63 66
4 20
11 73
63 60
65 68
4 70
84 61
38 81
97 50
20 1
72 85
70 42
72 14
53 65
32 45
30 6
76 6
57 1
35 79
43 2
7 54
69 21
59 87
19 21
29 75
59 75
48 10
58 23
2 30
32 8
97 36
59 7
35 99
95 79
84 38
38 74
26 23
74 9
71 79
7 11
24 99
22 12
82 47
21 72
7 21
41 5
34 44
58 69
67 23
15 74
79 26
89 6
85 8
63 8
53 95
52 68
82 40
69 15
28 85
38 7
38 47
100 71
60 37
59 18
11 37
63 55
55 90
88 70
51 47
20 89
24 16
48 58
14 50
9 15
65 33
60 79
19 20
84 54
19 52
14 50
100 22
82 36
40 85
20 87
51 41
3 15
8 94
48 62
84 52
74 85
26 12
90 44
75 6
19 98
17 6
66 10
13 36
67 62
59 52
12 6
91 18
89 6
82 42
20 76
57 21
46 21
32 64
78 62
33 68
42 83
50 76
43 15
78 22
19 93
88 44
34 55
67 85
98 82
22 11
91 89
53 16
12 4
10 76
38 99
4 77
63 33
56 47
95 90
4 1
98 84
48 72
57 30
91 23
4 50
20 81
75 47
85 97
38 6
57 39
97 92
10 80
46 62
10 78
26 17
29 5
39 55
48 59
95 54
85 49
59 69
32 22
81 95
56 42
23 59
94 79
14 8
100 68
50 78
45 81
40 28
98 52
25 13
91 58
12 68
24 72
56 18
77 13
69 68
68 1
19 84
66 47
46 55
46 71
8 79
73 81
40 59
34 3
27 80
1 23
35 8
7 33
35 78
53 15
30 7
51 71
51 7
12 21
35 97
82 72
39 13
43 69
29 11
95 10
80 15
40 26
54 6
92 15
3 68
63 93
100 81
34 88
36 60
69 98
96 14
8 44
95 64
97 30
57 41
65 15
92 17
13 67
29 3
49 11
67 6
60 15
33 50
100 28
53 55
42 61
41 8
29 36
7 25
62 4
97 68
57 17
66 60
57 12
91 90
5 54
65 93
25 20
95 9
42 76
75 49
14 3
66 33
85 28
85 23
8 79
63 95
78 63
73 22
57 82
38 46
99 69
41 76
60 99
69 47
25 84
90 83
84 69
63 44
29 73
57 78
84 100
2 31
31 71
21 84
84 34
72 44
47 58
31 70
36 35
58 46
38 58
54 68
39 20
28 47
78 68
